00100006000000000000000031280000000018582000005000000000390222
00100006000000000000000031290000000018582000005000000000390222
00100006000000000000000031300000000000023500005000000000000493
00100006000000000000000031310000000087435000005000000001836135
00600006000000000000000000020000000000001000005000000000000021
0030000600000000000000000263-000000018582000005-00000000390222
00100006000000000000000031320000000000065000005000000000001365
00100006000000000000000031330000000002030000005000000000042630
00100006000000000000000031340000000027720000004000000000291060
00100006000000000000000031350000000000052500005000000000001103
00100006000000000000000031360000000000632000005000000000013272
00100006000000000000000031370000000004051720005000000000085086
00100006000000000000000031380000000000420700005000000000008835
00100006000000000000000031390000000000111600005000000000002344
00100006000000000000000031400000000001131740005000000000023767
00100006000000000000000031410000000000150000005000000000003150
00100006000000000000000031420000000003989110005000000000083771
00100006000000000000000031430000000000680000005000000000014280
00100006000000000000000031440000000000393040005000000000008254
00100006000000000000000031450000000002156500005000000000045287
00100006000000000000000031460000000003170000005000000000066570
00600006000000000000000000030000000000024050005000000000000505
00100006000000000000000031470000000000047760005000000000001003
00100006000000000000000031480000000000083340005000000000001750
00100006000000000000000031490000000000430000005000000000009030
00100006000000000000000031500000000000104880005000000000002202
00100006000000000000000031510000000000067300005000000000001413
00100006000000000000000031520000000000053940005000000000001133
00100006000000000000000031530000000000014200005000000000000298
00100006000000000000000031540000000000160230005000000000003365
00100006000000000000000031550000000000031290005000000000000657
00100006000000000000000031560000000000017500005000000000000367
00100006000000000000000031570000000000072000005000000000001512
00100006000000000000000031580000000000170500005000000000003580
00100006000000000000000031590000000000042600005000000000000895
00100006000000000000000031600000000000042000005000000000000882
00100006000000000000000031610000000000106280005000000000002232
00100006000000000000000031620000000000041500005000000000000871
00100006000000000000000031630000000000030400005000000000000638
00100006000000000000000031640000000000041270005000000000000867
00100006000000000000000031650000000004854500005000000000101945
00100006000000000000000031660000000000014600005000000000000307
00100006000000000000000031670000000000015600005000000000000328
00100006000000000000000031680000000000420000005000000000008820
00100006000000000000000031690000000000677100005000000000014219
00100006000000000000000031700000000003900000005000000000081900
00100006000000000000000031710000000000927810005000000000019484
00100006000000000000000031720000000000677100005000000000014219
00100006000000000000000031730000000000003500005000000000000073
00100006000000000000000031740000000000070000005000000000001470
00100006000000000000000031750000000000185200005000000000003889
00100006000000000000000031760000000000120000005000000000002520
00100006000000000000000031770000000000120000005000000000002520
00100006000000000000000031780000000001098880005000000000023076
00100006000000000000000031790000000000052440005000000000001101
00100006000000000000000031800000000000838200005000000000017602
00100006000000000000000031810000000000741000005000000000015561
00100006000000000000000031820000000000006000005000000000000126
00100006000000000000000031830000000000324000005000000000006804
00100006000000000000000031840000000000098000005000000000002058
00100006000000000000000031850000000000086000005000000000001806
00100006000000000000000031860000000000041000005000000000000861
00100006000000000000000031870000000000082500005000000000001732
00100006000000000000000031880000000000552600005000000000011605
00100006000000000000000031890000000001656000005000000000034776
00100006000000000000000031900000000001128000005000000000023688
00100006000000000000000031910000000000164330005000000000003451
00100006000000000000000031920000000001689250005000000000035474
00100006000000000000000031930000000002238800005000000000047015
00100006000000000000000031940000000000035820005000000000000752
00100006000000000000000031950000000000041000005000000000000861
00100006000000000000000031960000000000060000005000000000001260
00100006000000000000000031970000000000604000005000000000012684
00100006000000000000000031980000000000038000005000000000000798
00100006000000000000000031990000000000362000005000000000007602
00100006000000000000000032000000000002234000005000000000046914
00100006000000000000000032010000000000195000005000000000004095
00100006000000000000000032020000000000195000005000000000004095
00100006000000000000000032030000000000862000005000000000018102
00100006000000000000000032040000000000026760005000000000000562
00100006000000000000000032050000000000102000005000000000002142
00100006000000000000000032060000000000074600005000000000001567
00100006000000000000000032070000000001499000005000000000031479
0030000600000000000000000264-000000000195000005-00000000004095
00100006000000000000000032080000000000305000005000000000006405
00100006000000000000000032090000000001101000005000000000023121
0030000600000000000000000265-000000087435000005-00000001836135
00100006000000000000000032100000000049522230005000000001039967
00100006000000000000000032110000000038223840005000000000802701
00100006000000000000000032120000000001216100005000000000025538
00100006000000000000000032130000000087435000005000000001836135
00100006000000000000000032140000000000485000005000000000010185
00100006000000000000000032150000000000022200005000000000000466
00100006000000000000000032160000000009439160005000000000198222
00100006000000000000000032170000000000016360005000000000000344
00100006000000000000000032180000000000076000005000000000001596
00100006000000000000000032190000000000057300005000000000001203
00100006000000000000000032200000000000369450005000000000007758
00100006000000000000000032210000000027797940004000000000291878