00100006000000000000000031280000027408450000005000000575577450
00100006000000000000000031290000027687180000005000000581430780
00100006000000000000000031300000000035015000005000000000735315
00100006000000000000000031310000130278150000005000002735841150
00600006000000000000000000020000000000001000005000000000000021
00300006000000000000000002630000027408450000005000000575577450
00100006000000000000000031320000000097175000005000000002040675
00100006000000000000000031330000003024700000005000000063518700
00100006000000000000000031340000041302800000004000000433679400
00100006000000000000000031350000000077962500005000000001637212
00100006000000000000000031360000000938520000005000000019708920
00100006000000000000000031370000006016804200005000000126352888
00100006000000000000000031380000000624739500005000000013119530
00100006000000000000000031390000000165726000005000000003480246
00100006000000000000000031400000001680633900005000000035293312
00100006000000000000000031410000000222750000005000000004677750
00100006000000000000000031420000005923828350005000000124400395
00100006000000000000000031430000001009800000005000000021205800
00100006000000000000000031440000000583664400005000000012256952
00100006000000000000000031450000003213185000005000000067476885
00100006000000000000000031460000004707450000005000000098856450
00600006000000000000000000030000000035715300005000000000750021
00100006000000000000000031470000000070686000005000000001484406
00100006000000000000000031480000000123343200005000000002590207
00100006000000000000000031490000000636400000005000000013364400
00100006000000000000000031500000000154173600005000000003237646
00100006000000000000000031510000000098931000005000000002077551
00100006000000000000000031520000000079291800005000000001665128
00100006000000000000000031530000000020874000005000000000438354
00100006000000000000000031540000000235538100005000000004946300
00100006000000000000000031550000000045996300005000000000965922
00100006000000000000000031560000000025725000005000000000540225
00100006000000000000000031570000000105840000005000000002222640
00100006000000000000000031580000000250635000005000000005263335
00100006000000000000000031590000000062622000005000000001315062
00100006000000000000000031600000000061740000005000000001296540
00100006000000000000000031610000000156231600005000000003280864
00100006000000000000000031620000000061005000005000000001281105
00100006000000000000000031630000000044688000005000000000938448
00100006000000000000000031640000000060666900005000000001274005
00100006000000000000000031650000007136115000005000000149858415
00100006000000000000000031660000000021462000005000000000450702
00100006000000000000000031670000000022932000005000000000481572
00100006000000000000000031680000000617400000005000000012965400
00100006000000000000000031690000000995337000005000000020902077
00100006000000000000000031700000005733000000005000000120393000
00100006000000000000000031710000001363880700005000000028641495
00100006000000000000000031720000000995337000005000000020902077
00100006000000000000000031730000000005145000005000000000108045
00100006000000000000000031740000000102900000005000000002160900
00100006000000000000000031750000000272244000005000000005717124
00100006000000000000000031760000000172920000005000000003631320
00100006000000000000000031770000000172920000005000000003631320
00100006000000000000000031780000001571400000005000000032999400
00100006000000000000000031790000000076562400005000000001607810
00100006000000000000000031800000001223772000005000000025699212
00100006000000000000000031810000001081860000005000000022719060
00100006000000000000000031820000000008760000005000000000183960
00100006000000000000000031830000000473040000005000000009933840
00100006000000000000000031840000000143080000005000000003004680
00100006000000000000000031850000000125560000005000000002636760
00100006000000000000000031860000000059860000005000000001257060
00100006000000000000000031870000000120450000005000000002529450
00100006000000000000000031880000000806796000005000000016942716
00100006000000000000000031890000002368908000005000000049747068
00100006000000000000000031900000001613604000005000000033885684
00100006000000000000000031910000000238278390005000000005003846
00100006000000000000000031920000002449412500005000000051437662
00100006000000000000000031930000003246260000005000000068171460
00100006000000000000000031940000000051939000005000000001090719
00100006000000000000000031950000000059450000005000000001248450
00100006000000000000000031960000000087000000005000000001827000
00100006000000000000000031970000000875800000005000000018391800
00100006000000000000000031980000000055290000005000000001161090
00100006000000000000000031990000000526710000005000000011060910
00100006000000000000000032000000003250470000005000000068259870
00100006000000000000000032010000000283725000005000000005958225
00100006000000000000000032020000000279435000005000000005868135
00100006000000000000000032030000001235246000005000000025940166
00100006000000000000000032040000000039206880005000000000823344
00100006000000000000000032050000000149430000005000000003138030
00100006000000000000000032060000000109289000005000000002295069
00100006000000000000000032070000002196035000005000000046116735
00300006000000000000000002640000000279435000005000000005868135
00100006000000000000000032080000000446825000005000000009383325
00100006000000000000000032090000001612965000005000000033872265
00300006000000000000000002650000128092275000005000002689937775
00100006000000000000000032100000071435817250005000001500152162
00100006000000000000000032110000055137889200005000001157895673
00100006000000000000000032120000001781586500005000000037413316
00100006000000000000000032130000128529450000005000002699118450
00100006000000000000000032140000000710525000005000000014921025
00100006000000000000000032150000000032523000005000000000682983
00100006000000000000000032160000013828369400005000000290395757
00100006000000000000000032170000000023967400005000000000503315
00100006000000000000000032180000000111340000005000000002338140
00100006000000000000000032190000000083944500005000000001762835
00100006000000000000000032200000000533670530005000000011207081
00100006000000000000000032210000040154124330004000000421618305