001000010000000000000000080580000000000307176949920000000009917000005000000000208257
001000020000000000000000385380000000000202203800340000000014060720005000000000295275
001000030000000000000029291980000000000201399661210000000049536000005000000001040256
001000040000000000000002628480000000000305541486500000000019424800005000000000407921
001000050000000000000000071880000000000307095645670000000298000000005000000006258000
001000070000000000000002480580000000000305182911530000000993331000005000000020859951
001000200000000000000011493480000000000305892662810000000007954820005000000000167051
001000030000000000000002061280000000000202953153430000000019190030005000000000402991
001000210000000000000131080580000000000305502453090000000663083250005000000013924748
001013180000000000000000661080000000000306632884970000000619833890005000000013016512
001013180000000000000000661180000000000306632884970000000079584300005000000001671270
001000020000000000000000039280000000000201314324890000000138829760005000000002915425
001000020000000000000000078380000000000273700110820000000522502500005000000010972552
001000030000000000000000010780000000000204748324150000000065710390005000000001379918
001000030000000000000000528280000000000307095243950000001183000000005000000024843000
001000030000000000000003106280000000000307080673570000000301392000005000000006329232
001000050000000000000001515880000000000307151413760000000288957000005000000006068097
001000050000000000000020620780000000000307080211280000000773372000005000000016240812
001000050000000000000020620880000000000307080211280000011458419500005000000240626810
001000050000000000000020620980000000000307080211280000005078823250005000000106655288
001000050000000000000020621080000000000307080211280000001409952500005000000029609003
001000050000000000000020621180000000000307080211280000008894309000005000000186780489
001000050000000000000020621280000000000307080211280000000367865000005000000007725165
001000070000000000000000327480000000000307121420530000000129322320005000000002715769
001000070000000000000002484180000000000305182911530000002438294560005000000051204186
001000080000000000000002350880000000000203889154130000000052892560005000000001110744
002000040000000000000001354680000000000305000369110000000273420550005000000005741832
001000020000000000000000075480000000000307176200260000000247107440005000000005189256
001000030000000000000002117380000000000307083718540000000318562780005000000006689818
001000040000000000000000042680000000000307174838350000000427977010005000000008987517
003000040000000000000009299280000000000305000369110000000562620100005000000011815022
001000010000000000000000018180000000000307181526970000001200000000005000000025200000
001000020000000000000000045480000000000202535695580000002100000000005000000044100000
001000020000000000000000045480000000000202535695580000002100000000005000000044100000
001000170000000000000003766080000000000305579750430000000410871860005000000008628309
001000270000000000000002156680000000000306428159770000000035823550005000000000752295
001000700000000000000000000980000000000307105832060000000015702480005000000000329752
001000980000000000000000006680000000000306401518500000000096691740005000000002030527
001000020000000000000000147180000000000307165694260000000851764000005000000017887044
001000030000000000000001730480000000000307173600830000000087163560005000000001830435
001000050000000000000001540980000000000200690708340000000010206610005000000000214339
001000100000000000000001532080000000000305230207960000000250000000005000000005250000
001013310000000000000178663080000000000306632884970000000389738160005000000008184501
001000030000000000000000036680000000000307185290730000000330577690005000000006942131
001000030000000000000000036780000000000307185290730000000330577690005000000006942131
001000030000000000000001980180000000000272315977570000000382989600005000000008042782
001000040000000000000002635880000000000305541486500000000015050000005000000000316050
001004050000000000000000060880000000000307091734010000000029521040005000000000619942
001004860000000000000000109480000000000306974659830000000681759510005000000014316950
001000030000000000000000405080000000000202102562620000000317680000005000000006671280
001000030000000000000000020680000000000202627025380000000085000000005000000001785000
001000030000000000000036123380000000000307090630020000000526132230005000000011048777
001000040000000000000001012180000000000202841122030000000033332000005000000000699972
001000040000000000000001012280000000000202841122030000000002313000005000000000048573
001000040000000000000002281380000000000307123603790000002490341300005000000052297167
001000100000000000000007589280000000000232255975290000000009090910005000000000190909
001000100000000000000007589480000000000232255975290000000009091000005000000000190911
001000180000000000000000007380000000000307112200770000000678397000005000000014246337
001000530000000000000003188480000000000335311225990000000686810050005000000014423011
001000020000000000000004662480000000000307083574010000000632879050005000000013290460
001000030000000000000000061980000000000307176779580000000579000000005000000012159000
001000040000000000000000043880000000000307174838350000000128909820005000000002707106
001000040000000000000001013180000000000202841122030000000011386000005000000000239106
001000040000000000000001013280000000000202841122030000000008223000005000000000172683
001000040000000000000002282180000000000307123603790000000801231750005000000016825867
001000040000000000000002282280000000000307123603790000008660735480005000000181875445
001000050000000000000001324580000000000306250668980000000317738000005000000006672498
001000100000000000000000002280000000000307173528890000000411899880005000000008649897
001000170000000000000003779780000000000305579750430000000061502720005000000001291557
002000040000000000000000405880000000000305387393630000000502904230005000000010560989
001000020000000000000000702780000000000336957437990000000576000000005000000012096000
001000020000000000000003024380000000000305524500310000000359445000005000000007548345
001000030000000000000000412080000000000307162102230000000038843000005000000000815703
001000030000000000000000482680000000000204309693160000000026366000005000000000553686
001000030000000000000000986680000000000307100882990000000581000000005000000012201000
001000030000000000000002122580000000000307083718540000000050630890005000000001063249
001000040000000000000001013980000000000202841122030000000008826000005000000000185346
001000050000000000000011964180000000000306149815270000000263201950005000000005527241
001000070000000000000002504980000000000305182911530000000220083990005000000004621764
001000120000000000000004387580000000000306284555180000000013865290005000000000291171
001084760000000000000000144780000000000306787744950000000028208490005000000000592378
001000010000000000000000051980000000000201815998720000000057355370005000000001204463
001000020000000000000049841680000000000201399661210000000057584500005000000001209275
001000040000000000000000297780000000000306329767270000003788395800005000000079556312
001000160000000000000005439680000000000200856341790000000000413250005000000000008678
001000020000000000000049871080000000000201399661210000000060619000005000000001272999
001000040000000000000001015780000000000202841122030000000013793000005000000000289653
001000040000000000000002640880000000000305541486500000000013342360005000000000280190
001000050000000000000002195580000000000335915011490000002886150080005000000060609152
001000070000000000000002512180000000000305182911530000003903010520005000000081963221
001000120000000000000002483080000000000307112814240000000035950410005000000000754959
001000170000000000000003791180000000000305579750430000000123088290005000000002584854
001000170000000000000003793480000000000305579750430000000009995410005000000000209904
001000200000000000000003867580000000000306428159770000000058192010005000000001222032
001000300000000000000001105380000000000306154659210000000068594210005000000001440478
003000050000000000000000010680000000000307174450110000000283322330005000000005949769
001000010000000000000000004680000000000307188980520000000070200000005000000001474200
001000030000000000000000210780000000000201218714090000000122500000005000000002572500
001000040000000000000000045080000000000307174838350000000368160000005000000007731360
001000050000000000000001542480000000000200690708340000000012396690005000000000260330
001000060000000000000000261480000000000307095466070000000055164710005000000001158459
001000130000000000000004164780000000000306546182630000000176385310005000000003704092
001000020000000000000000080180000000000273700110820000001681800000005000000035317800
001000030000000000000002125180000000000307083718540000000151892670005000000003189746
001000040000000000000000045580000000000307174838350000000426942120005000000008965785
001000040000000000000000045880000000000307174838350000000416875400005000000008754383
001000040000000000000002720780000000000201144366240000000999399200005000000020987383
001000090000000000000001057280000000000201310724740000000575966400005000000012095294
001000290000000000000000667880000000000337124716090000000154184290005000000003237870
001002250000000000000000112880000000000307161980100000001268190240005000000026631995
003000040000000000000000005280000000000307174838350000000368160000005000000007731360
001000020000000000000000463280000000000200836857600000000040000000005000000000840000
001000020000000000000000504380000000000307109312040000003493050000005000000073354050
001000040000000000000000520380000000000307178118830000001604070000005000000033685470
001000040000000000000002721180000000000201144366240000001236561600005000000025967794
001000040000000000000005136280000000000336051876390000001408383470005000000029576053
001000050000000000000000223480000000000307105689080000000362664000005000000007615944
001000060000000000000000018580000000000307157721710000000131404950005000000002759504
001000500000000000000000526780000000000306134810590000000657000000005000000013797000
001031250000000000000004604380000000000306394539750000000035524000005000000000746004
002000410000000000000000043080000000000306044792620000000213220710005000000004477635
001000020000000000000004666380000000000307083574010000000109175000005000000002292675
001000030000000000000000989180000000000307100882990000000071700000005000000001505700
001000030000000000000001987180000000000272315977570000000020446500005000000000429377
001000030000000000000001987880000000000272315977570000000036830000005000000000773430
001000030000000000000001987980000000000272315977570000000008540000005000000000179340
001000030000000000000001988080000000000272315977570000000468785000005000000009844485
001000030000000000000001988180000000000272315977570000000015360000005000000000322560
001000030000000000000001988580000000000272315977570000000089790000005000000001885590
001000030000000000000001988680000000000272315977570000000034600000005000000000726600
001000040000000000000000070580000000000202420242070000000162145200005000000003405049
001000040000000000000000070680000000000202420242070000001781327400005000000037407875
001000040000000000000002048580000000000307140370360000000054999000005000000001154979
001000040000000000000002048780000000000307140370360000000045453720005000000000954528
001000040000000000000002288080000000000307123603790000001591055660005000000033412169
001000120000000000000002492880000000000307112814240000000024710740005000000000518926
001030600000000000000000071580000000000306869783500000000020149950005000000000423149
001150340000000000000000568680000000000305903607630000000167977690005000000003527531
003000040000000000000000122580000000000307140370360000000054999000005000000001154979
001000020000000000000000278780000000000307100358530000000913002010005000000019173042
001000030000000000000026623880000000000336580437790000000080000000005000000001680000
001000040000000000000011590980000000000306915581570000002877544710005000000060428439
001000290000000000000000672080000000000337124716090000000036280990005000000000761901
001002000000000000000001184780000000000307165653820000000703446280005000000014772372
001020000000000000000005222080000000000201338728850000000162476200005000000003412000
001007690000000000000000383780000000000306984714720000000397456550005000000008346588
001000020000000000000000703380000000000336957437990000000900000000005000000018900000
001000030000000000000000126980000000000337074303090000001850470810005000000038859887
001000030000000000000000166480000000000201670766620000000051000000005000000001071000
001000030000000000000008709780000000000305218263940000000863353800005000000018130430
001000040000000000000000046780000000000307174838350000000077698440005000000001631667
001000040000000000000002288980000000000307123603790000003405610190005000000071517814
001000040000000000000003228980000000000306054642500000003684768000005000000077380128
001000040000000000000005968180000000000307102167260000000230578520005000000004842149
001000040000000000000005968480000000000307102167260000000312644640005000000006565537
001000040000000000000011594480000000000306915581570000000948916080005000000019927238
001000080000000000000000730180000000000307123873900000000023531690005000000000494165
001000090000000000000001063880000000000201310724740000002382192550005000000050026044
001000100000000000000003360180000000000307150821670000000032415220005000000000680720
001000100000000000000003367580000000000307150821670000000032415220005000000000680720
001000010000000000000000012880000000000307183538380000003955140000005000000083057940
001000030000000000000005323680000000000307081236640000000396502300005000000008326548
001000040000000000000002648780000000000305541486500000000074625000005000000001567125
001000070000000000000001529480000000000231190253890000000858000000005000000018018000
001000070000000000000001529580000000000231190253890000000311850000005000000006548850
001000830000000000000059538280000000000307030885340000000002884300005000000000060570
001000020000000000000000390980000000000202203800340000000170497780005000000003580453
001000020000000000000003568380000000000307171757150000000030413220005000000000638678
001000030000000000000001145480000000000307182813490000000019907690005000000000418061
001000030000000000000002129080000000000307083718540000000101261780005000000002126497
001000040000000000000000502380000000000200845669000000000008925620005000000000187438
001000110000000000000009646980000000000307087799770000000025353590005000000000532425
001000160000000000000002401280000000000337124716090000000106442340005000000002235289
001000160000000000000002401380000000000337124716090000000382975200005000000008042479
001000290000000000000000675580000000000337124716090000000144656110005000000003037778
001020040000000000000000434580000000000307157751890000000130660330005000000002743867
001000040000000000000000048280000000000307174838350000000847912060005000000017806153
001000040000000000000002291580000000000307123603790000000576475200005000000012105979
001000100000000000000007664180000000000232255975290000000071900830005000000001509917
001000140000000000000005961080000000000306423042120000000263312000005000000005529552
001000760000000000000054727780000000000307030885340000000061695810005000000001295612
001004070000000000000000093180000000000307091734010000000150808370005000000003166976
001004070000000000000000093280000000000307091734010000000615132330005000000012917779
001000020000000000000000391980000000000202203800340000000187184200005000000003930868
001000020000000000000004673380000000000307083574010000001121486800005000000023551223
001000040000000000000000113480000000000307172559050000000099885240005000000002097590
001000040000000000000001024080000000000202841122030000000005070000005000000000106470
001000040000000000000002736880000000000201144366240000003418372400005000000071785820
001000040000000000000011605880000000000306915581570000000491412120004000000005159827
001000050000000000000020683580000000000307080211280000008056528000005000000169187088
001000050000000000000020683780000000000307080211280000000387126000005000000008129646
001000070000000000000000000580000000000274247769930000000040495870005000000000850413
001000070000000000000000147180000000000306120965770000000295523090005000000006205985
001000070000000000000000147280000000000306120965770000000295523090005000000006205985
001000070000000000000000147380000000000306120965770000000295523090005000000006205985
001000100000000000000004374080000000000307121556940000004766698200005000000100100662
001000160000000000000005522980000000000200856341790000000898129440005000000018860718
003000030000000000000000016780000000000337074303090000001850470810005000000038859887